Mean Noise Amplitude <length scales>
-----------ALL SAMPLES-------------
44.58876010593874 0.001 1761.67338392869 0.3496469883572978 0.6570937568307008 
109.95279118041341 0.001 1605.5684132998472 0.3635288534601213 0.4944664568743755 
56.293339018673755 0.001 1521.8790515175438 0.3280849560943033 0.5659800911829014 
62.39053930812051 0.001 1538.1452259812493 0.3945802625181409 0.6559803191503271 
104.14127171996623 0.001 1515.127753909487 0.3211476371302838 0.5541914963455157 
66.01985652548589 0.001 1328.8960812041296 0.30690798990050694 0.5570764577793819 
70.72060492116367 0.001 1339.7091104600556 0.32207287166186005 0.5654981849855237 
80.58459777614782 0.001 1343.2128315023676 0.33023345572990853 0.5003026146523666 
65.40527828399732 0.001 1353.0645074844301 0.3183367051025866 0.5123637429109397 
78.03786956916717 0.001 1333.1017302292591 0.2680058693353329 0.5474203545212235 
-----------MEAN OF SAMPLES-------------
73.81349084090746 0.0010000000000000002 1464.037808951706 0.33025455892903416 0.5610373475233256 
