Mean Noise Amplitude <length scales>
-----------ALL SAMPLES-------------
4.1728112112624745 0.029522213902981414 0.9845319435481682 0.9069636185268759 0.23774654825053443 0.46934878436903915 0.5504851272882308 1.7994322654184083 
4.163488592967474 0.03986003462918839 0.9903691264377996 1.3979683441436057 1.4702758831307814 0.9468188855869437 0.049444866833277756 1.0783428153394177 
4.111397998418457 0.012140959966419486 1.1273520241247619 0.45747021627331685 1.0328782923417046 1.6985763833227394 1.2323657008190128 1.9857849555973577 
4.109416973685413 0.02779528954304831 1.132557361621299 0.31821411848426573 1.5519972004294647 1.9333700478413838 0.09916940776067218 1.1985318290489324 
4.114843630860927 0.0066098529797302095 1.1668689829548244 0.4033761837572052 1.023595964971646 1.8038326518626757 0.6675486853186203 0.9962659827730074 
4.1022650442939605 0.020264327388247995 1.1644078112463516 0.6046146606497462 0.5856551067583848 1.2110979115659415 1.4227415219361048 1.407147561733381 
4.185494185982345 0.12565023343626877 1.240485358781564 0.8332358946189768 1.283004704739704 0.4872172086245816 0.5522554494257754 1.0532461798532775 
4.046794369273401 0.026188638170789702 1.4225497037263837 0.8218353768367082 0.5056077261900107 1.3527210473837332 0.6016348882883111 1.0432157696624718 
4.026175305184417 0.15300398540005158 1.3705746662945275 0.7697815703986353 0.13874688580758293 0.16551661703600407 1.574058143256977 0.07269900541150898 
3.8564053343319986 0.0019222159195741717 1.0683404405296986 0.971917921582452 0.8003079646785145 1.9522757596115883 0.1319387470819331 1.3824363448504688 
-----------MEAN OF SAMPLES-------------
4.088909264626088 0.044295775133630005 1.1668037419265378 0.7485377905271788 0.8629816277298328 1.2020775297204631 0.6881642538008915 1.2017102709688232 
