Mean Noise Amplitude <length scales>
-----------ALL SAMPLES-------------
83.2298439168 0.001 701.475508963 0.0627269763978 0.783515374476 
83.8478729922 0.001 701.472921096 0.200924088505 0.84441893873 
114.570453852 0.001 734.893805977 0.133251598163 0.447956759669 
64.1349383599 0.001 778.361290901 0.0292361983738 1.27356133607 
56.0991645127 0.001 778.799782885 0.00799406174152 0.259182997438 
113.588286937 0.001 847.214710217 0.078277318673 1.10158976181 
42.2032094756 0.001 894.210902832 0.0336439983753 1.65579033811 
59.2039560753 0.001 899.430510963 0.0868190052583 0.614708009705 
97.1359813438 0.001 1026.09703386 0.308863502053 0.962408377297 
76.8634853641 0.001 925.214603795 0.32968925458 0.510353791411 
-----------MEAN OF SAMPLES-------------
79.0877192829 0.001 828.717107149 0.127142600212 0.845348568472 
